108,733,186,186
419,733,186,186
669,733,186,186
918,733,186,186
1168,733,186,186
1417,733,186,186
1666,733,186,186
1916,733,186,186
2165,733,186,186
2415,733,186,186
2664,733,186,186
2914,733,186,186
3163,733,186,186
3413,733,186,186
3662,733,186,186
108,971,186,186
419,971,186,186
660,971,186,186
900,971,186,186
1141,971,186,186
1381,971,186,186
1621,971,186,186
1862,971,186,186
2102,971,186,186
2343,971,186,186
2583,971,186,186
2824,971,186,186
3064,971,186,186
3305,971,186,186
3556,971,283,186
108,1220,186,186
419,1220,270,186
779,1220,186,186
1019,1220,186,186
1260,1220,186,186
1500,1220,186,186
1741,1220,186,186
1981,1220,186,186
2222,1220,186,186
2462,1220,186,186
2702,1220,186,186
2943,1220,186,186
3183,1220,186,186
3424,1220,186,186
3664,1220,186,186
108,1469,186,186
419,1469,307,186
868,1469,186,186
1108,1469,186,186
1349,1469,186,186
1589,1469,186,186
1830,1469,186,186
2070,1469,186,186
2310,1469,186,186
2551,1469,186,186
2791,1469,186,186
3032,1469,186,186
3272,1469,186,186
3545,1469,303,186
108,1727,186,186
419,1727,270,186
779,1727,186,186
1019,1727,186,186
1260,1727,186,186
1500,1727,186,186
1741,1727,186,186
1981,1727,186,186
2222,1727,186,186
2462,1727,186,186
2702,1727,186,186
2943,1727,186,186
3183,1727,186,186
3424,1727,186,186
3664,1727,186,186
108,1976,186,186
419,1976,186,186
660,1976,186,186
900,1976,186,186
1141,1976,186,186
1392,1976,1246,186
2704,1976,186,186
2944,1976,186,186
3184,1976,186,186
3425,1976,186,186
3665,1976,186,186
